# EURO-Coin Dataset

This repository contains a collection of images of euro coins collected by means of a web crawler capable of extracting publicly available images using Google, Bing, and Baidu search engines. The data is for non-commercial research purposes only. 

## Data Organization

The dataset repository includes two folders: **Dataset_Status** and **Dataset_Value**. The **Dataset_Stato** folder contains the coin images divided by state, i.e., 23 Member States and 23 directories. The **Dataset_Value** folder contains the same coin images but divided by value, i.e., 1-cent, 2-cent, 5-cent, 10-cent, 20-cent, 50-cent, 1-euro, and 2-euro.

## Notes about the data
The main characteristics of the dataset are shown in the following table. 
1c 2c 5c 10c 20c 50c 1e 2e Total per country

| Country       | 1c  | 2c  | 5c | 10c  | 20c  | 50c | 1euro  | 2euro | Total per country |
|:------------:|:---:|:---:|:--:|:---:|:---:|:--:|:---:|:---:|:---:|
|    Andorra   |  42 |  46 | 71 |  43 |  49 | 57 |  60 | 220 | 588 |
|    Austria   |  83 |  64 | 76 |  72 |  49 | 57 |  73 |  94 | 568 |
|    Belgium   |  86 |  29 | 99 |  98 | 112 | 61 |  78 | 144 | 707 |
|    Cyprus    |  13 |  23 | 38 |  40 |  25 | 28 |  84 | 107 | 358 |
|    Estonia   |  58 |  44 | 45 |  41 |  44 | 30 |  61 | 102 | 425 |
|    Finland   |  49 |  38 | 61 |  36 |  72 | 58 |  99 | 201 | 614 |
|    France    |  34 |  57 | 67 |  52 |  59 | 73 |  57 | 128 | 527 |
|    Germany   | 163 | 131 | 60 | 163 |  80 | 62 |  90 | 178 | 927 |
|    Greece    | 121 |  52 | 58 |  63 |  69 | 59 | 117 | 169 | 708 |
|    Ireland   |  56 |  65 | 50 |  83 |  76 | 45 |  66 | 124 | 565 |
|     Italy    | 121 |  36 | 67 |  59 |  72 | 79 |  70 | 119 | 623 |
|    Latvia    |  71 |  30 | 45 |  17 |  21 | 45 |  91 | 232 | 552 |
|   Lithuania  |  94 |  15 | 25 |  28 |  35 | 31 |  90 | 181 | 499 |
|  Luxembourg  |  43 |  29 | 35 |  31 |  52 | 35 |  90 | 173 | 488 |
|     Malta    |  74 |  52 | 64 |  76 |  83 | 79 |  76 | 154 | 658 |
|    Monaco    |  14 |  3  | 33 |  48 |  57 | 47 | 110 | 107 | 419 |
|  Netherlands |  35 |  32 | 64 |  76 |  72 | 69 |  62 | 166 | 576 |
|   Portugal   |  55 |  57 | 69 |  80 |  40 | 37 | 101 | 132 | 571 |
|  Sant Marino |  47 |  56 | 57 |  60 |  62 | 77 | 109 | 114 | 582 |
|   Slovakia   |  34 |  26 | 21 |  20 |  19 | 32 |  39 | 156 | 347 |
|   Slovenia   |  56 |  45 | 42 |  50 |  52 | 45 |  65 | 136 | 491 |
|     Spain    |  23 |  41 | 46 |  48 |  52 | 55 |  97 | 174 | 536 |
| Vatican City |  52 |  30 | 34 |  58 |  50 | 91 |  62 | 172 | 549 |
| **Total per Value**  |  1424 | 1001  | 1227 | 1342  | 1302  | 1252 | 1847  | 3483 | 12878 |

## Data Usage Agreement/ How to cite

By using this dataset, you agree to cite the following article: 

```
@inproceedings{cirillo2023coin,
  title={A deep learning approach to classify country and value of modern coins},
  author={Cirillo, S., Solimando, G., and Virgili, L.},
  booktitle={TBD},
  year={2023}
}
```
